--------------------------
0	 | 0	 | 0	 | 
--------------------------
1	 | 1000	 | 110	 | 
--------------------------
11	 | 10	 | 101	 | 
--------------------------
21	 | 20	 | 102	 | 
--------------------------
31	 | 30	 | 103	 | 
--------------------------
41	 | 40	 | 105	 | 
--------------------------
51	 | 50	 | 106	 | 
--------------------------
61	 | 60	 | 107	 | 
--------------------------
71	 | 70	 | 104	 | 
--------------------------
81	 | 80	 | 108	 | 
--------------------------
91	 | 90	 | 109	 | 
--------------------------
100	 | 999	 | 0	 | 
==========================
101	 | 1010	 | 111	 | 
--------------------------
102	 | 1020	 | 112	 | 
--------------------------
103	 | 1030	 | 113	 | 
--------------------------
104	 | 1070	 | 117	 | 
--------------------------
105	 | 1040	 | 115	 | 
--------------------------
106	 | 1050	 | 114	 | 
--------------------------
107	 | 1060	 | 116	 | 
--------------------------
108	 | 1080	 | 118	 | 
--------------------------
109	 | 1090	 | 119	 | 
--------------------------
110	 | 1100	 | 120	 | 
--------------------------
111	 | 1110	 | 123	 | 
--------------------------
112	 | 1120	 | 0	 | 
--------------------------
113	 | 1130	 | 121	 | 
--------------------------
114	 | 1150	 | 0	 | 
--------------------------
115	 | 1140	 | 0	 | 
--------------------------
116	 | 1160	 | 0	 | 
--------------------------
117	 | 1170	 | 0	 | 
--------------------------
118	 | 1180	 | 0	 | 
--------------------------
119	 | 1190	 | 0	 | 
--------------------------
120	 | 1200	 | 122	 | 
--------------------------
121	 | 1230	 | 0	 | 
--------------------------
122	 | 1300	 | 0	 | 
--------------------------
123	 | 1310	 | 124	 | 
--------------------------
124	 | 1210	 | 0	 | 
--------------------------
